    0.10000E-03    0.43630E+03
    0.10202E-03    0.44483E+03
    0.10408E-03    0.45352E+03
    0.10618E-03    0.46238E+03
    0.10833E-03    0.47141E+03
    0.11052E-03    0.48062E+03
    0.11275E-03    0.49002E+03
    0.11503E-03    0.49959E+03
    0.11735E-03    0.50935E+03
    0.11972E-03    0.51930E+03
    0.12214E-03    0.52945E+03
    0.12461E-03    0.53979E+03
    0.12712E-03    0.55033E+03
    0.12969E-03    0.56109E+03
    0.13231E-03    0.57205E+03
    0.13499E-03    0.58322E+03
    0.13771E-03    0.59461E+03
    0.14049E-03    0.60622E+03
    0.14333E-03    0.61807E+03
    0.14623E-03    0.63014E+03
    0.14918E-03    0.64244E+03
    0.15220E-03    0.65499E+03
    0.15527E-03    0.66778E+03
    0.15841E-03    0.68082E+03
    0.16161E-03    0.69411E+03
    0.16487E-03    0.70766E+03
    0.16820E-03    0.72148E+03
    0.17160E-03    0.73557E+03
    0.17507E-03    0.74993E+03
    0.17860E-03    0.76456E+03
    0.18221E-03    0.77949E+03
    0.18589E-03    0.79470E+03
    0.18965E-03    0.81021E+03
    0.19348E-03    0.82602E+03
    0.19739E-03    0.84214E+03
    0.20138E-03    0.85857E+03
    0.20544E-03    0.87533E+03
    0.20959E-03    0.89240E+03
    0.21383E-03    0.90981E+03
    0.21815E-03    0.92756E+03
    0.22255E-03    0.94565E+03
    0.22705E-03    0.96409E+03
    0.23164E-03    0.98289E+03
    0.23632E-03    0.10021E+04
    0.24109E-03    0.10216E+04
    0.24596E-03    0.10415E+04
    0.25093E-03    0.10618E+04
    0.25600E-03    0.10825E+04
    0.26117E-03    0.11036E+04
    0.26645E-03    0.11251E+04
    0.27183E-03    0.11470E+04
    0.27732E-03    0.11694E+04
    0.28292E-03    0.11921E+04
    0.28864E-03    0.12154E+04
    0.29447E-03    0.12390E+04
    0.30042E-03    0.12631E+04
    0.30649E-03    0.12877E+04
    0.31268E-03    0.13128E+04
    0.31899E-03    0.13383E+04
    0.32544E-03    0.13644E+04
    0.33201E-03    0.13909E+04
    0.33872E-03    0.14179E+04
    0.34556E-03    0.14455E+04
    0.35254E-03    0.14736E+04
    0.35966E-03    0.15022E+04
    0.36693E-03    0.15314E+04
    0.37434E-03    0.15612E+04
    0.38190E-03    0.15915E+04
    0.38962E-03    0.16224E+04
    0.39749E-03    0.16539E+04
    0.40552E-03    0.16860E+04
    0.41371E-03    0.17187E+04
    0.42207E-03    0.17520E+04
    0.43060E-03    0.17860E+04
    0.43929E-03    0.18206E+04
    0.44817E-03    0.18559E+04
    0.45722E-03    0.18918E+04
    0.46646E-03    0.19284E+04
    0.47588E-03    0.19658E+04
    0.48550E-03    0.20038E+04
    0.49530E-03    0.20426E+04
    0.50531E-03    0.20820E+04
    0.51552E-03    0.21223E+04
    0.52593E-03    0.21633E+04
    0.53656E-03    0.22050E+04
    0.54739E-03    0.22476E+04
    0.55845E-03    0.22910E+04
    0.56973E-03    0.23351E+04
    0.58124E-03    0.23801E+04
    0.59299E-03    0.24260E+04
    0.60496E-03    0.24727E+04
    0.61719E-03    0.25203E+04
    0.62965E-03    0.25687E+04
    0.64237E-03    0.26181E+04
    0.65535E-03    0.26684E+04
    0.66859E-03    0.27196E+04
    0.68210E-03    0.27718E+04
    0.69588E-03    0.28249E+04
    0.70993E-03    0.28790E+04
    0.72427E-03    0.29341E+04
    0.73891E-03    0.29903E+04
    0.75383E-03    0.30474E+04
    0.76906E-03    0.31057E+04
    0.78460E-03    0.31649E+04
    0.80045E-03    0.32253E+04
    0.81662E-03    0.32868E+04
    0.83311E-03    0.33494E+04
    0.84994E-03    0.34131E+04
    0.86711E-03    0.34780E+04
    0.88463E-03    0.35440E+04
    0.90250E-03    0.36112E+04
    0.92073E-03    0.36797E+04
    0.93933E-03    0.37494E+04
    0.95831E-03    0.38203E+04
    0.97767E-03    0.38925E+04
    0.99742E-03    0.39660E+04
    0.10176E-02    0.40407E+04
    0.10381E-02    0.41168E+04
    0.10591E-02    0.41943E+04
    0.10805E-02    0.42731E+04
    0.11023E-02    0.43533E+04
    0.11246E-02    0.44348E+04
    0.11473E-02    0.45178E+04
    0.11705E-02    0.46023E+04
    0.11941E-02    0.46882E+04
    0.12182E-02    0.47755E+04
    0.12429E-02    0.48644E+04
    0.12680E-02    0.49548E+04
    0.12936E-02    0.50467E+04
    0.13197E-02    0.51402E+04
    0.13464E-02    0.52353E+04
    0.13736E-02    0.53319E+04
    0.14013E-02    0.54302E+04
    0.14296E-02    0.55301E+04
    0.14585E-02    0.56316E+04
    0.14880E-02    0.57348E+04
    0.15180E-02    0.58397E+04
    0.15487E-02    0.59463E+04
    0.15800E-02    0.60547E+04
    0.16119E-02    0.61648E+04
    0.16445E-02    0.62766E+04
    0.16777E-02    0.63902E+04
    0.17116E-02    0.65056E+04
    0.17462E-02    0.66228E+04
    0.17814E-02    0.67419E+04
    0.18174E-02    0.68628E+04
    0.18541E-02    0.69855E+04
    0.18916E-02    0.71101E+04
    0.19298E-02    0.72366E+04
    0.19688E-02    0.73650E+04
    0.20086E-02    0.74953E+04
    0.20491E-02    0.76276E+04
    0.20905E-02    0.77617E+04
    0.21328E-02    0.78978E+04
    0.21758E-02    0.80359E+04
    0.22198E-02    0.81760E+04
    0.22646E-02    0.83180E+04
    0.23104E-02    0.84620E+04
    0.23571E-02    0.86080E+04
    0.24047E-02    0.87559E+04
    0.24533E-02    0.89059E+04
    0.25028E-02    0.90579E+04
    0.25534E-02    0.92119E+04
    0.26050E-02    0.93679E+04
    0.26576E-02    0.95259E+04
    0.27113E-02    0.96859E+04
    0.27660E-02    0.98480E+04
    0.28219E-02    0.10012E+05
    0.28789E-02    0.10178E+05
    0.29371E-02    0.10346E+05
    0.29964E-02    0.10516E+05
    0.30569E-02    0.10688E+05
    0.31187E-02    0.10862E+05
    0.31817E-02    0.11038E+05
    0.32460E-02    0.11216E+05
    0.33115E-02    0.11396E+05
    0.33784E-02    0.11577E+05
    0.34467E-02    0.11761E+05
    0.35163E-02    0.11946E+05
    0.35874E-02    0.12134E+05
    0.36598E-02    0.12323E+05
    0.37338E-02    0.12514E+05
    0.38092E-02    0.12706E+05
    0.38861E-02    0.12901E+05
    0.39646E-02    0.13097E+05
    0.40447E-02    0.13295E+05
    0.41264E-02    0.13494E+05
    0.42098E-02    0.13695E+05
    0.42948E-02    0.13898E+05
    0.43816E-02    0.14102E+05
    0.44701E-02    0.14307E+05
    0.45604E-02    0.14514E+05
    0.46525E-02    0.14722E+05
    0.47465E-02    0.14931E+05
    0.48424E-02    0.15142E+05
    0.49402E-02    0.15354E+05
    0.50400E-02    0.15567E+05
    0.51419E-02    0.15780E+05
    0.52457E-02    0.15995E+05
    0.53517E-02    0.16211E+05
    0.54598E-02    0.16427E+05
    0.55701E-02    0.16645E+05
    0.56826E-02    0.16863E+05
    0.57974E-02    0.17081E+05
    0.59145E-02    0.17300E+05
    0.60340E-02    0.17519E+05
    0.61559E-02    0.17738E+05
    0.62803E-02    0.17957E+05
    0.64072E-02    0.18176E+05
    0.65366E-02    0.18395E+05
    0.66686E-02    0.18613E+05
    0.68033E-02    0.18831E+05
    0.69408E-02    0.19049E+05
    0.70810E-02    0.19266E+05
    0.72240E-02    0.19482E+05
    0.73700E-02    0.19697E+05
    0.75189E-02    0.19911E+05
    0.76708E-02    0.20124E+05
    0.78257E-02    0.20335E+05
    0.79838E-02    0.20545E+05
    0.81451E-02    0.20753E+05
    0.83096E-02    0.20959E+05
    0.84775E-02    0.21162E+05
    0.86488E-02    0.21364E+05
    0.88235E-02    0.21563E+05
    0.90017E-02    0.21759E+05
    0.91836E-02    0.21952E+05
    0.93691E-02    0.22142E+05
    0.95583E-02    0.22329E+05
    0.97514E-02    0.22512E+05
    0.99484E-02    0.22692E+05
    0.10149E-01    0.22867E+05
    0.10354E-01    0.23038E+05
    0.10564E-01    0.23205E+05
    0.10777E-01    0.23367E+05
    0.10995E-01    0.23524E+05
    0.11217E-01    0.23676E+05
    0.11443E-01    0.23822E+05
    0.11675E-01    0.23963E+05
    0.11910E-01    0.24097E+05
    0.12151E-01    0.24225E+05
    0.12397E-01    0.24347E+05
    0.12647E-01    0.24462E+05
    0.12902E-01    0.24570E+05
    0.13163E-01    0.24671E+05
    0.13429E-01    0.24764E+05
    0.13700E-01    0.24850E+05
    0.13977E-01    0.24927E+05
    0.14259E-01    0.24994E+05
    0.14547E-01    0.25052E+05
    0.14841E-01    0.25100E+05
    0.15141E-01    0.25140E+05
    0.15447E-01    0.25171E+05
    0.15759E-01    0.25196E+05
    0.16077E-01    0.25214E+05
    0.16402E-01    0.25226E+05
    0.16734E-01    0.25230E+05
    0.17072E-01    0.25223E+05
    0.17416E-01    0.25203E+05
    0.17768E-01    0.25169E+05
    0.18127E-01    0.25120E+05
    0.18493E-01    0.25058E+05
    0.18867E-01    0.24983E+05
    0.19248E-01    0.24896E+05
    0.19637E-01    0.24800E+05
    0.20034E-01    0.24692E+05
    0.20438E-01    0.24573E+05
    0.20851E-01    0.24441E+05
    0.21272E-01    0.24294E+05
    0.21702E-01    0.24132E+05
    0.22141E-01    0.23955E+05
    0.22588E-01    0.23765E+05
    0.23044E-01    0.23563E+05
    0.23510E-01    0.23350E+05
    0.23985E-01    0.23129E+05
    0.24469E-01    0.22898E+05
    0.24964E-01    0.22659E+05
    0.25468E-01    0.22412E+05
    0.25982E-01    0.22157E+05
    0.26507E-01    0.21893E+05
    0.27043E-01    0.21621E+05
    0.27589E-01    0.21341E+05
    0.28146E-01    0.21052E+05
    0.28715E-01    0.20755E+05
    0.29295E-01    0.20450E+05
    0.29887E-01    0.20138E+05
    0.30490E-01    0.19819E+05
    0.31106E-01    0.19494E+05
    0.31735E-01    0.19165E+05
    0.32376E-01    0.18832E+05
    0.33030E-01    0.18496E+05
    0.33697E-01    0.18159E+05
    0.34378E-01    0.17822E+05
    0.35072E-01    0.17486E+05
    0.35781E-01    0.17152E+05
    0.36504E-01    0.16822E+05
    0.37241E-01    0.16495E+05
    0.37993E-01    0.16173E+05
    0.38761E-01    0.15856E+05
    0.39544E-01    0.15546E+05
    0.40343E-01    0.15241E+05
    0.41158E-01    0.14944E+05
    0.41989E-01    0.14654E+05
    0.42838E-01    0.14371E+05
    0.43703E-01    0.14097E+05
    0.44586E-01    0.13832E+05
    0.45486E-01    0.13577E+05
    0.46405E-01    0.13333E+05
    0.47343E-01    0.13101E+05
    0.48299E-01    0.12881E+05
    0.49275E-01    0.12672E+05
    0.50270E-01    0.12473E+05
    0.51286E-01    0.12283E+05
    0.52322E-01    0.12102E+05
    0.53379E-01    0.11927E+05
    0.54457E-01    0.11759E+05
    0.55557E-01    0.11597E+05
    0.56680E-01    0.11440E+05
    0.57825E-01    0.11286E+05
    0.58993E-01    0.11135E+05
    0.60184E-01    0.10986E+05
    0.61400E-01    0.10837E+05
    0.62641E-01    0.10686E+05
    0.63906E-01    0.10534E+05
    0.65197E-01    0.10378E+05
    0.66514E-01    0.10216E+05
    0.67858E-01    0.10046E+05
    0.69229E-01    0.98649E+04
    0.70627E-01    0.96733E+04
    0.72054E-01    0.94727E+04
    0.73510E-01    0.92648E+04
    0.74994E-01    0.90488E+04
    0.76509E-01    0.88214E+04
    0.78055E-01    0.85800E+04
    0.79632E-01    0.83259E+04
    0.81241E-01    0.80638E+04
    0.82882E-01    0.77979E+04
    0.84556E-01    0.75305E+04
    0.86264E-01    0.72635E+04
    0.88007E-01    0.69990E+04
    0.89785E-01    0.67395E+04
    0.91598E-01    0.64875E+04
    0.93449E-01    0.62452E+04
    0.95337E-01    0.60149E+04
    0.97263E-01    0.57984E+04
    0.99227E-01    0.55975E+04
    0.10123E+00    0.54137E+04
    0.10328E+00    0.52479E+04
    0.10536E+00    0.50999E+04
    0.10749E+00    0.49695E+04
    0.10966E+00    0.48549E+04
    0.11188E+00    0.47541E+04
    0.11414E+00    0.46645E+04
    0.11644E+00    0.45825E+04
    0.11880E+00    0.45047E+04
    0.12120E+00    0.44275E+04
    0.12365E+00    0.43474E+04
    0.12614E+00    0.42615E+04
    0.12869E+00    0.41671E+04
    0.13129E+00    0.40627E+04
    0.13394E+00    0.39474E+04
    0.13665E+00    0.38214E+04
    0.13941E+00    0.36860E+04
    0.14223E+00    0.35432E+04
    0.14510E+00    0.33957E+04
    0.14803E+00    0.32468E+04
    0.15102E+00    0.31001E+04
    0.15407E+00    0.29595E+04
    0.15718E+00    0.28286E+04
    0.16036E+00    0.27105E+04
    0.16360E+00    0.26070E+04
    0.16690E+00    0.25184E+04
    0.17028E+00    0.24436E+04
    0.17371E+00    0.23800E+04
    0.17722E+00    0.23246E+04
    0.18080E+00    0.22739E+04
    0.18446E+00    0.22248E+04
    0.18818E+00    0.21735E+04
    0.19198E+00    0.21172E+04
    0.19586E+00    0.20533E+04
    0.19982E+00    0.19814E+04
    0.20386E+00    0.19027E+04
    0.20797E+00    0.18200E+04
    0.21218E+00    0.17366E+04
    0.21646E+00    0.16559E+04
    0.22083E+00    0.15810E+04
    0.22530E+00    0.15139E+04
    0.22985E+00    0.14558E+04
    0.23449E+00    0.14064E+04
    0.23923E+00    0.13641E+04
    0.24406E+00    0.13264E+04
    0.24899E+00    0.12903E+04
    0.25402E+00    0.12529E+04
    0.25915E+00    0.12120E+04
    0.26439E+00    0.11670E+04
    0.26973E+00    0.11190E+04
    0.27518E+00    0.10698E+04
    0.28074E+00    0.10216E+04
    0.28641E+00    0.97654E+03
    0.29219E+00    0.93614E+03
    0.29810E+00    0.90088E+03
    0.30412E+00    0.86986E+03
    0.31026E+00    0.84133E+03
    0.31653E+00    0.81349E+03
    0.32292E+00    0.78492E+03
    0.32945E+00    0.75485E+03
    0.33610E+00    0.72355E+03
    0.34289E+00    0.69221E+03
    0.34982E+00    0.66230E+03
    0.35689E+00    0.63473E+03
    0.36409E+00    0.60973E+03
    0.37145E+00    0.58694E+03
    0.37895E+00    0.56546E+03
    0.38661E+00    0.54426E+03
    0.39442E+00    0.52277E+03
    0.40239E+00    0.50112E+03
    0.41052E+00    0.47983E+03
    0.41881E+00    0.45955E+03
    0.42727E+00    0.44067E+03
    0.43590E+00    0.42313E+03
    0.44471E+00    0.40649E+03
    0.45369E+00    0.39033E+03
    0.46286E+00    0.37436E+03
    0.47221E+00    0.35864E+03
    0.48174E+00    0.34348E+03
    0.49148E+00    0.32910E+03
    0.50141E+00    0.31552E+03
    0.51153E+00    0.30261E+03
    0.52187E+00    0.29012E+03
    0.53241E+00    0.27796E+03
    0.54317E+00    0.26617E+03
    0.55414E+00    0.25488E+03
    0.56533E+00    0.24414E+03
    0.57675E+00    0.23387E+03
    0.58840E+00    0.22401E+03
    0.60029E+00    0.21448E+03
    0.61242E+00    0.20531E+03
    0.62479E+00    0.19651E+03
    0.63741E+00    0.18809E+03
    0.65029E+00    0.18004E+03
    0.66342E+00    0.17231E+03
    0.67683E+00    0.16489E+03
    0.69050E+00    0.15778E+03
    0.70445E+00    0.15095E+03
    0.71868E+00    0.14440E+03
    0.73320E+00    0.13812E+03
    0.74801E+00    0.13209E+03
    0.76312E+00    0.12632E+03
    0.77854E+00    0.12078E+03
    0.79426E+00    0.11547E+03
    0.81031E+00    0.11039E+03
    0.82668E+00    0.10552E+03
    0.84338E+00    0.10085E+03
    0.86041E+00    0.96386E+02
    0.87780E+00    0.92107E+02
    0.89553E+00    0.88011E+02
    0.91362E+00    0.84089E+02
    0.93208E+00    0.80335E+02
    0.95091E+00    0.76743E+02
    0.97011E+00    0.73305E+02
    0.98971E+00    0.70016E+02
    0.10097E+01    0.66868E+02
    0.10301E+01    0.63857E+02
    0.10509E+01    0.60977E+02
    0.10721E+01    0.58222E+02
    0.10938E+01    0.55587E+02
    0.11159E+01    0.53066E+02
    0.11384E+01    0.50656E+02
    0.11614E+01    0.48352E+02
    0.11849E+01    0.46149E+02
    0.12088E+01    0.44042E+02
    0.12333E+01    0.42029E+02
    0.12582E+01    0.40104E+02
    0.12836E+01    0.38265E+02
    0.13095E+01    0.36507E+02
    0.13360E+01    0.34827E+02
    0.13630E+01    0.33221E+02
    0.13905E+01    0.31688E+02
    0.14186E+01    0.30223E+02
    0.14472E+01    0.28823E+02
    0.14765E+01    0.27486E+02
    0.15063E+01    0.26209E+02
    0.15367E+01    0.24990E+02
    0.15678E+01    0.23826E+02
    0.15994E+01    0.22714E+02
    0.16318E+01    0.21653E+02
    0.16647E+01    0.20640E+02
    0.16984E+01    0.19673E+02
    0.17327E+01    0.18750E+02
    0.17677E+01    0.17869E+02
    0.18034E+01    0.17029E+02
    0.18398E+01    0.16227E+02
    0.18770E+01    0.15461E+02
    0.19149E+01    0.14731E+02
    0.19536E+01    0.14035E+02
    0.19930E+01    0.13370E+02
    0.20333E+01    0.12736E+02
    0.20744E+01    0.12132E+02
    0.21163E+01    0.11555E+02
    0.21590E+01    0.11005E+02
    0.22026E+01    0.10481E+02
    0.22471E+01    0.99811E+01
    0.22925E+01    0.95044E+01
    0.23388E+01    0.90500E+01
    0.23861E+01    0.86168E+01
    0.24343E+01    0.82038E+01
    0.24835E+01    0.78102E+01
    0.25336E+01    0.74351E+01
    0.25848E+01    0.70775E+01
    0.26370E+01    0.67368E+01
    0.26903E+01    0.64121E+01
    0.27447E+01    0.61027E+01
    0.28001E+01    0.58080E+01
    0.28567E+01    0.55271E+01
    0.29144E+01    0.52596E+01
    0.29733E+01    0.50048E+01
    0.30333E+01    0.47620E+01
    0.30946E+01    0.45308E+01
    0.31571E+01    0.43105E+01
    0.32209E+01    0.41008E+01
    0.32860E+01    0.39011E+01
    0.33523E+01    0.37109E+01
    0.34201E+01    0.35298E+01
    0.34892E+01    0.33574E+01
    0.35596E+01    0.31932E+01
    0.36316E+01    0.30369E+01
    0.37049E+01    0.28882E+01
    0.37798E+01    0.27465E+01
    0.38561E+01    0.26117E+01
    0.39340E+01    0.24834E+01
    0.40135E+01    0.23613E+01
    0.40946E+01    0.22451E+01
    0.41773E+01    0.21345E+01
    0.42617E+01    0.20293E+01
    0.43478E+01    0.19291E+01
    0.44356E+01    0.18338E+01
    0.45252E+01    0.17432E+01
    0.46166E+01    0.16569E+01
    0.47099E+01    0.15749E+01
    0.48050E+01    0.14968E+01
    0.49021E+01    0.14226E+01
    0.50011E+01    0.13520E+01
    0.51021E+01    0.12848E+01
    0.52052E+01    0.12209E+01
    0.53104E+01    0.11601E+01
    0.54176E+01    0.11024E+01
    0.55271E+01    0.10474E+01
    0.56387E+01    0.99516E+00
    0.57526E+01    0.94548E+00
    0.58689E+01    0.89824E+00
    0.59874E+01    0.85332E+00
    0.61084E+01    0.81062E+00
    0.62318E+01    0.77002E+00
    0.63577E+01    0.73143E+00
    0.64861E+01    0.69475E+00
    0.66171E+01    0.65988E+00
    0.67508E+01    0.62673E+00
    0.68872E+01    0.59523E+00
    0.70263E+01    0.56529E+00
    0.71682E+01    0.53683E+00
    0.73130E+01    0.50979E+00
    0.74608E+01    0.48409E+00
    0.76115E+01    0.45967E+00
    0.77653E+01    0.43647E+00
    0.79221E+01    0.41442E+00
    0.80822E+01    0.39347E+00
    0.82454E+01    0.37357E+00
    0.84120E+01    0.35466E+00
    0.85819E+01    0.33670E+00
    0.87553E+01    0.31963E+00
    0.89322E+01    0.30342E+00
    0.91126E+01    0.28802E+00
    0.92967E+01    0.27339E+00
    0.94845E+01    0.25950E+00
    0.96761E+01    0.24631E+00
    0.98716E+01    0.23377E+00
    0.10071E+02    0.22187E+00
    0.10274E+02    0.21057E+00
    0.10482E+02    0.19983E+00
    0.10694E+02    0.18964E+00
    0.10910E+02    0.17996E+00
    0.11130E+02    0.17077E+00
    0.11355E+02    0.16204E+00
    0.11584E+02    0.15376E+00
    0.11818E+02    0.14589E+00
    0.12057E+02    0.13842E+00
    0.12301E+02    0.13133E+00
    0.12549E+02    0.12460E+00
    0.12803E+02    0.11821E+00
    0.13061E+02    0.11214E+00
    0.13325E+02    0.10639E+00
    0.13594E+02    0.10092E+00
    0.13869E+02    0.95733E-01
    0.14149E+02    0.90809E-01
    0.14435E+02    0.86136E-01
    0.14727E+02    0.81701E-01
    0.15024E+02    0.77492E-01
    0.15328E+02    0.73498E-01
    0.15637E+02    0.69707E-01
    0.15953E+02    0.66110E-01
    0.16275E+02    0.62697E-01
    0.16604E+02    0.59458E-01
    0.16940E+02    0.56385E-01
    0.17282E+02    0.53469E-01
    0.17631E+02    0.50703E-01
    0.17987E+02    0.48078E-01
    0.18351E+02    0.45588E-01
    0.18721E+02    0.43225E-01
    0.19099E+02    0.40984E-01
    0.19485E+02    0.38858E-01
    0.19879E+02    0.36841E-01
    0.20280E+02    0.34928E-01
    0.20690E+02    0.33113E-01
    0.21108E+02    0.31392E-01
    0.21535E+02    0.29759E-01
    0.21970E+02    0.28211E-01
    0.22413E+02    0.26742E-01
    0.22866E+02    0.25349E-01
    0.23328E+02    0.24028E-01
    0.23799E+02    0.22775E-01
    0.24280E+02    0.21587E-01
    0.24771E+02    0.20460E-01
    0.25271E+02    0.19392E-01
    0.25782E+02    0.18379E-01
    0.26302E+02    0.17418E-01
    0.26834E+02    0.16507E-01
    0.27376E+02    0.15643E-01
    0.27929E+02    0.14825E-01
    0.28493E+02    0.14048E-01
    0.29069E+02    0.13312E-01
    0.29656E+02    0.12614E-01
    0.30255E+02    0.11952E-01
    0.30866E+02    0.11325E-01
    0.31490E+02    0.10730E-01
    0.32126E+02    0.10167E-01
    0.32775E+02    0.96324E-02
    0.33437E+02    0.91259E-02
    0.34112E+02    0.86458E-02
    0.34801E+02    0.81907E-02
    0.35504E+02    0.77593E-02
    0.36222E+02    0.73505E-02
    0.36953E+02    0.69630E-02
    0.37700E+02    0.65957E-02
    0.38462E+02    0.62477E-02
    0.39239E+02    0.59178E-02
    0.40031E+02    0.56052E-02
    0.40840E+02    0.53089E-02
    0.41665E+02    0.50282E-02
    0.42507E+02    0.47622E-02
    0.43365E+02    0.45101E-02
    0.44241E+02    0.42712E-02
    0.45135E+02    0.40448E-02
    0.46047E+02    0.38303E-02
    0.46977E+02    0.36271E-02
    0.47926E+02    0.34346E-02
    0.48894E+02    0.32521E-02
    0.49882E+02    0.30793E-02
    0.50890E+02    0.29156E-02
    0.51918E+02    0.27604E-02
    0.52966E+02    0.26135E-02
    0.54036E+02    0.24743E-02
    0.55128E+02    0.23424E-02
    0.56242E+02    0.22175E-02
    0.57378E+02    0.20991E-02
    0.58537E+02    0.19870E-02
    0.59720E+02    0.18809E-02
    0.60926E+02    0.17803E-02
    0.62157E+02    0.16850E-02
    0.63412E+02    0.15948E-02
    0.64693E+02    0.15094E-02
    0.66000E+02    0.14285E-02
    0.67334E+02    0.13518E-02
    0.68694E+02    0.12793E-02
    0.70082E+02    0.12105E-02
    0.71497E+02    0.11454E-02
    0.72942E+02    0.10838E-02
    0.74415E+02    0.10255E-02
    0.75918E+02    0.97021E-03
    0.77452E+02    0.91789E-03
    0.79017E+02    0.86835E-03
    0.80613E+02    0.82144E-03
    0.82241E+02    0.77702E-03
    0.83903E+02    0.73497E-03
    0.85598E+02    0.69516E-03
    0.87327E+02    0.65747E-03
    0.89091E+02    0.62178E-03
    0.90891E+02    0.58800E-03
    0.92727E+02    0.55602E-03
    0.94600E+02    0.52575E-03
    0.96511E+02    0.49710E-03
    0.98461E+02    0.46997E-03
    0.10045E+03    0.44430E-03
    0.10248E+03    0.42000E-03
    0.10455E+03    0.39700E-03
    0.10666E+03    0.37524E-03
    0.10882E+03    0.35465E-03
    0.11101E+03    0.33516E-03
    0.11326E+03    0.31672E-03
    0.11554E+03    0.29927E-03
    0.11788E+03    0.28277E-03
    0.12026E+03    0.26715E-03
    0.12269E+03    0.25238E-03
    0.12517E+03    0.23841E-03
    0.12770E+03    0.22519E-03
    0.13028E+03    0.21269E-03
    0.13291E+03    0.20087E-03
    0.13559E+03    0.18969E-03
    0.13833E+03    0.17912E-03
    0.14113E+03    0.16912E-03
    0.14398E+03    0.15966E-03
    0.14689E+03    0.15072E-03
    0.14985E+03    0.14226E-03
    0.15288E+03    0.13427E-03
    0.15597E+03    0.12670E-03
    0.15912E+03    0.11955E-03
    0.16233E+03    0.11278E-03
    0.16561E+03    0.10638E-03
    0.16896E+03    0.10033E-03
    0.17237E+03    0.94604E-04
    0.17585E+03    0.89191E-04
    0.17941E+03    0.84072E-04
    0.18303E+03    0.79231E-04
    0.18673E+03    0.74654E-04
    0.19050E+03    0.70327E-04
    0.19435E+03    0.66237E-04
    0.19828E+03    0.62372E-04
    0.20228E+03    0.58722E-04
    0.20637E+03    0.55275E-04
    0.21054E+03    0.52022E-04
    0.21479E+03    0.48953E-04
    0.21913E+03    0.46059E-04
    0.22356E+03    0.43331E-04
    0.22807E+03    0.40760E-04
    0.23268E+03    0.38337E-04
    0.23738E+03    0.36055E-04
    0.24217E+03    0.33907E-04
    0.24707E+03    0.31885E-04
    0.25206E+03    0.29982E-04
    0.25715E+03    0.28191E-04
    0.26234E+03    0.26507E-04
